epochs 0 - 20:

training_losses: 
[0.9998183673269411, 0.9995447610612779, 0.9938582162849349, 0.8867336900026537, 0.727552473181663, 0.6460004855977761, 0.588886039147471, 0.5332897262623426, 0.48964204485109036, 0.44247299667496137, 0.4092426492831177, 0.38060867976687995, 0.348030323799829, 0.3302341256046905, 0.30752086192549233, 0.27572099451999477, 0.26522719592256655, 0.24756402911929187, 0.23710059216274043, 0.21501051386905232]

validation losses: 
[0.999730334129611, 0.9990745835850494, 0.9758845159610496, 0.78341876426944, 0.6839649770860814, 0.6144633413794133, 0.5646047215175249, 0.5153148632301333, 0.46675198641713767, 0.4216347134854295, 0.39960502425607425, 0.3606357491438868, 0.36307822899385256, 0.3155955899127641, 0.29503823944406543, 0.2919931129799705, 0.2891292623942611, 0.2394056808142858, 0.2346152201355045, 0.2464398227642476]

pixelwise_acccuracy: 
[54.857849147380655, 78.89785577713603, 87.57358659321153, 83.93779696739266, 66.72672019668029, 43.568368749299516, 22.099489928551122, 15.702024382919493, 12.93649077940155, 9.484215684130158, 9.555225215957199, 10.391962580697637, 10.781699119949005, 9.743752647978319, 9.837055657531174, 10.13062872045057, 10.382100737745493, 10.287889247943818, 10.616508467306554, 10.247289342149882]

center_pixel_distance: 
[16.2701426312437, 16.225993270614165, 16.205449876988418, 16.23642952391851, 16.21048394239021, 16.235858418436884, 16.248649459499504, 16.22784462344379, 16.261796878264203, 16.199624936590975, 16.25175306351355, 16.245351973707635, 16.2396372794894, 16.206128334213567, 16.21038238499131, 16.242779915377938, 16.24616482755142, 16.24014218068464, 16.233925108579857, 16.211150056656354]